0,ブレイズ,ボルト,LOSE,3894,0,1307,0000,0000,3018632261
0,ブレイズ,タイタン,WIN,5294,10,0,0000,0000,2546787571
0,ブレイズ,ジョーカー,LOSE,3958,0,2106,0000,0000,1393628065
0,ブレイズ,ゲイル,LOSE,5244,0,1508,0000,0000,441125389
0,ブレイズ,ヴァンプ,LOSE,5861,0,258,0000,0000,898853316
0,ブレイズ,ルリ,LOSE,8700,0,1392,0001,0000,3886544870
0,ブレイズ,カグラ,LOSE,5619,0,910,1000,0000,1702755569
0,ブレイズ,イヴ,WIN,4881,503,0,0000,0000,2623530125
0,ブレイズ,ガロウ,LOSE,3888,0,466,1100,0000,2104764303
0,ブレイズ,ツララ,LOSE,5237,0,881,0000,0000,3477215307
0,ボルト,ブレイズ,WIN,4293,1146,0,0000,0000,2582053690
0,ボルト,タイタン,WIN,6180,1180,0,0000,1100,1940327002
0,ボルト,ジョーカー,LOSE,4672,0,300,0100,0000,2530764479
0,ボルト,ゲイル,LOSE,4883,0,207,0000,0000,1555555063
0,ボルト,ヴァンプ,WIN,4244,594,0,0000,0000,3664676714
0,ボルト,ルリ,WIN,4047,1127,0,0000,0100,759486689
0,ボルト,カグラ,WIN,3849,521,0,0000,0000,77293389
0,ボルト,イヴ,WIN,4217,1094,0,0000,0000,882370721
0,ボルト,ガロウ,LOSE,5830,0,1016,1111,0000,3781501213
0,ボルト,ツララ,WIN,4752,597,0,0000,0000,252933197
0,タイタン,ブレイズ,WIN,4912,198,0,0000,0000,1123361518
0,タイタン,ボルト,LOSE,3451,0,1080,0000,0000,2744874492
0,タイタン,ジョーカー,WIN,5879,1082,0,0001,0000,568109422
0,タイタン,ゲイル,WIN,5655,138,0,0000,0000,1973301000
0,タイタン,ヴァンプ,LOSE,7326,0,497,0000,0010,1172396555
0,タイタン,ルリ,WIN,7055,271,0,0000,1000,843760239
0,タイタン,カグラ,LOSE,6177,0,1697,1010,0000,2784812759
0,タイタン,イヴ,WIN,3789,1078,0,0000,0000,772232711
0,タイタン,ガロウ,LOSE,4112,0,311,0011,0000,4136474839
0,タイタン,ツララ,WIN,5978,357,0,0000,0000,3783655845
0,ジョーカー,ブレイズ,WIN,4024,2084,0,0000,1000,1194785315
0,ジョーカー,ボルト,LOSE,4609,0,567,0000,1000,4080260835
0,ジョーカー,タイタン,LOSE,4636,0,22,0000,0000,3811008422
0,ジョーカー,ゲイル,WIN,8284,1466,0,0000,1100,1122959787
0,ジョーカー,ヴァンプ,WIN,6153,2256,0,0000,1111,3364353445
0,ジョーカー,ルリ,WIN,7160,2138,0,0000,1000,991024663
0,ジョーカー,カグラ,WIN,3870,340,0,0000,0100,4001737287
0,ジョーカー,イヴ,WIN,3508,1093,0,0000,0000,3771340458
0,ジョーカー,ガロウ,LOSE,4090,0,109,1100,0000,1457695738
0,ジョーカー,ツララ,LOSE,4504,0,933,0000,0000,539122132
0,ゲイル,ブレイズ,LOSE,9901,0,1034,0000,0000,1158394396
0,ゲイル,ボルト,LOSE,7181,0,549,1100,0000,3586452212
0,ゲイル,タイタン,WIN,6817,1255,0,0000,1100,4218052673
0,ゲイル,ジョーカー,LOSE,8106,0,365,1100,0000,850493702
0,ゲイル,ヴァンプ,WIN,9503,1224,0,0000,1100,1784621230
0,ゲイル,ルリ,WIN,7520,223,0,0000,0000,752635694
0,ゲイル,カグラ,LOSE,4779,0,1240,0000,0000,1655647481
0,ゲイル,イヴ,WIN,5412,844,0,0000,0000,2883874422
0,ゲイル,ガロウ,LOSE,4243,0,910,1101,0000,3855015770
0,ゲイル,ツララ,LOSE,8313,0,855,0000,0000,1361939007
0,ヴァンプ,ブレイズ,WIN,9463,1089,0,0000,0000,384402018
0,ヴァンプ,ボルト,LOSE,5011,0,362,0000,0000,1281271551
0,ヴァンプ,タイタン,LOSE,4236,0,236,0000,0000,583872189
0,ヴァンプ,ジョーカー,LOSE,6024,0,1382,1101,0000,3389072061
0,ヴァンプ,ゲイル,WIN,5534,909,0,0000,0000,1092708562
0,ヴァンプ,ルリ,WIN,4852,572,0,0000,0000,2508007700
0,ヴァンプ,カグラ,WIN,4496,739,0,0000,0000,2487441432
0,ヴァンプ,イヴ,LOSE,7881,0,419,0111,0000,393363190
0,ヴァンプ,ガロウ,LOSE,3428,0,1289,1100,0000,3377934160
0,ヴァンプ,ツララ,WIN,9079,346,0,0011,0000,3891633835
0,ルリ,ブレイズ,WIN,4909,1487,0,0000,0000,2742574050
0,ルリ,ボルト,LOSE,4190,0,320,0000,0000,4263919280
0,ルリ,タイタン,LOSE,4041,0,239,0000,0000,58910278
0,ルリ,ジョーカー,LOSE,3484,0,1212,0000,0000,420741118
0,ルリ,ゲイル,WIN,6672,678,0,0000,1000,347232141
0,ルリ,ヴァンプ,WIN,7041,510,0,0000,1011,2851013680
0,ルリ,カグラ,LOSE,4142,0,382,0100,0000,3835663240
0,ルリ,イヴ,LOSE,4656,0,724,0000,0000,2900301959
0,ルリ,ガロウ,LOSE,5597,0,1302,1100,0000,4280757905
0,ルリ,ツララ,WIN,5082,808,0,0000,0000,2645893818
0,カグラ,ブレイズ,WIN,4994,510,0,0000,1100,2413710708
0,カグラ,ボルト,LOSE,4565,0,1175,1000,0000,2255753601
0,カグラ,タイタン,WIN,4169,925,0,0000,0000,1230584979
0,カグラ,ジョーカー,LOSE,5920,0,2229,1110,0000,2126460800
0,カグラ,ゲイル,LOSE,8618,0,774,0000,0000,2554799867
0,カグラ,ヴァンプ,LOSE,4862,0,797,0000,0000,413608583
0,カグラ,ルリ,LOSE,4300,0,1421,0000,0000,3272295668
0,カグラ,イヴ,WIN,4583,606,0,0000,0000,492471064
0,カグラ,ガロウ,LOSE,3402,0,1220,1010,0000,4241096481
0,カグラ,ツララ,WIN,5090,1301,0,0000,0100,1855595375
0,イヴ,ブレイズ,WIN,8204,891,0,0000,1100,1830658579
0,イヴ,ボルト,LOSE,6768,0,1215,1000,0000,1628934860
0,イヴ,タイタン,WIN,4383,59,0,0000,1000,289817754
0,イヴ,ジョーカー,LOSE,6605,0,1500,1110,0100,595989040
0,イヴ,ゲイル,LOSE,4823,0,1291,0000,0000,1685956642
0,イヴ,ヴァンプ,LOSE,5043,0,392,0000,0000,2974011376
0,イヴ,ルリ,LOSE,4033,0,1207,0000,0000,81733745
0,イヴ,カグラ,WIN,9526,73,0,0100,1110,334759703
0,イヴ,ガロウ,LOSE,3642,0,578,1011,0000,2162331903
0,イヴ,ツララ,LOSE,4891,0,676,0000,0000,1809343722
0,ガロウ,ブレイズ,WIN,4130,889,0,0000,1000,344976014
0,ガロウ,ボルト,LOSE,2598,0,1768,0100,0000,3415916588
0,ガロウ,タイタン,LOSE,3694,0,303,0000,1100,3106887731
0,ガロウ,ジョーカー,WIN,4049,7,0,0000,1101,1028715385
0,ガロウ,ゲイル,WIN,5616,631,0,0000,1101,3914427940
0,ガロウ,ヴァンプ,WIN,3406,965,0,0000,1110,2870531337
0,ガロウ,ルリ,WIN,3703,926,0,0000,1110,2072222560
0,ガロウ,カグラ,WIN,5566,1341,0,0000,1111,1301868257
0,ガロウ,イヴ,WIN,3291,1189,0,0000,1100,604486982
0,ガロウ,ツララ,WIN,6198,1625,0,0000,1111,4043406021
0,ツララ,ブレイズ,LOSE,8841,0,171,0000,0000,3890839214
0,ツララ,ボルト,LOSE,7089,0,1239,1100,0000,915210572
0,ツララ,タイタン,LOSE,4317,0,547,0000,0000,1035060819
0,ツララ,ジョーカー,LOSE,6185,0,1534,1100,0000,2984779050
0,ツララ,ゲイル,LOSE,5386,0,1088,0000,0000,2139945457
0,ツララ,ヴァンプ,WIN,4697,1307,0,0000,0000,262047540
0,ツララ,ルリ,WIN,5155,499,0,0000,0000,3285232673
0,ツララ,カグラ,LOSE,7355,0,678,1100,0000,1872124813
0,ツララ,イヴ,LOSE,7346,0,1199,1000,0000,1303027523
0,ツララ,ガロウ,LOSE,3641,0,471,1100,0000,1751693193
1,ブレイズ,ボルト,LOSE,3829,0,361,0000,0000,2598319573
1,ブレイズ,タイタン,LOSE,3632,0,607,0000,0000,3244661141
1,ブレイズ,ジョーカー,WIN,4435,492,0,0000,0000,586788390
1,ブレイズ,ゲイル,WIN,4250,1309,0,0000,0000,3100475267
1,ブレイズ,ヴァンプ,WIN,6574,607,0,0000,1000,2443588954
1,ブレイズ,ルリ,LOSE,5898,0,825,0010,0000,2614035276
1,ブレイズ,カグラ,LOSE,5832,0,445,1100,1000,4199553587
1,ブレイズ,イヴ,WIN,7392,278,0,0100,0000,937034471
1,ブレイズ,ガロウ,LOSE,3089,0,1308,0000,0000,2838147274
1,ブレイズ,ツララ,LOSE,3817,0,617,0000,0000,3258359835
1,ボルト,ブレイズ,WIN,3475,1459,0,0000,0000,99830105
1,ボルト,タイタン,LOSE,4714,0,840,0000,0000,399651722
1,ボルト,ジョーカー,WIN,4430,131,0,0100,0000,1136477421
1,ボルト,ゲイル,WIN,4013,1083,0,0000,0000,1212418271
1,ボルト,ヴァンプ,WIN,3540,921,0,0000,0000,118388138
1,ボルト,ルリ,WIN,4884,1446,0,0000,0000,3093426195
1,ボルト,カグラ,WIN,5708,1689,0,0000,1000,564280240
1,ボルト,イヴ,WIN,3370,1242,0,0000,0000,1386281014
1,ボルト,ガロウ,WIN,2922,427,0,0000,0000,1725891090
1,ボルト,ツララ,WIN,3687,1266,0,0000,0000,3436144833
1,タイタン,ブレイズ,LOSE,4546,0,492,0000,0001,2326825813
1,タイタン,ボルト,LOSE,3186,0,545,0000,0000,857067957
1,タイタン,ジョーカー,WIN,3109,280,0,0000,0000,229633452
1,タイタン,ゲイル,WIN,2907,1208,0,0000,0000,4247147747
1,タイタン,ヴァンプ,WIN,3425,568,0,0000,0000,444254986
1,タイタン,ルリ,WIN,2576,1395,0,0000,0000,1312578975
1,タイタン,カグラ,WIN,2946,673,0,0000,0000,1218393469
1,タイタン,イヴ,WIN,3171,443,0,0000,0000,1427851751
1,タイタン,ガロウ,WIN,2308,1577,0,0000,0000,2216851992
1,タイタン,ツララ,WIN,2921,182,0,0000,0000,3169653845
1,ジョーカー,ブレイズ,LOSE,6483,0,1293,1100,1000,4128033225
1,ジョーカー,ボルト,LOSE,4312,0,241,0000,0000,197329508
1,ジョーカー,タイタン,LOSE,2941,0,470,0000,0000,2763488122
1,ジョーカー,ゲイル,WIN,3762,330,0,0000,0000,2468126463
1,ジョーカー,ヴァンプ,LOSE,3573,0,514,0000,0100,2043843362
1,ジョーカー,ルリ,WIN,3750,384,0,0000,1000,1905700615
1,ジョーカー,カグラ,LOSE,3878,0,784,0001,0000,3754524386
1,ジョーカー,イヴ,LOSE,5572,0,1733,1100,0000,2030879937
1,ジョーカー,ガロウ,LOSE,5052,0,730,1111,0000,1199364956
1,ジョーカー,ツララ,LOSE,3553,0,1448,0000,0000,4119790609
1,ゲイル,ブレイズ,LOSE,5123,0,279,0000,0000,1176039268
1,ゲイル,ボルト,LOSE,6405,0,1283,0000,0000,606656618
1,ゲイル,タイタン,LOSE,5793,0,559,1000,0100,3465555422
1,ゲイル,ジョーカー,WIN,4734,678,0,0000,0000,3091282506
1,ゲイル,ヴァンプ,LOSE,6950,0,1314,0000,0000,2896014560
1,ゲイル,ルリ,LOSE,6340,0,46,0000,0000,2902654062
1,ゲイル,カグラ,LOSE,6665,0,891,0100,0000,3938868456
1,ゲイル,イヴ,WIN,4702,507,0,0000,0000,7061614
1,ゲイル,ガロウ,LOSE,3414,0,588,1000,0000,1211124790
1,ゲイル,ツララ,WIN,6321,823,0,0000,0000,1121967036
1,ヴァンプ,ブレイズ,WIN,4511,712,0,0000,0000,3080813842
1,ヴァンプ,ボルト,LOSE,3536,0,786,0000,0000,4241347092
1,ヴァンプ,タイタン,LOSE,3285,0,545,0000,0000,966417965
1,ヴァンプ,ジョーカー,WIN,6042,1613,0,0000,0000,2380250065
1,ヴァンプ,ゲイル,WIN,4770,1271,0,0000,0000,2780753695
1,ヴァンプ,ルリ,LOSE,5774,0,1409,1111,0000,3724515477
1,ヴァンプ,カグラ,WIN,4135,799,0,0000,0000,3090643711
1,ヴァンプ,イヴ,WIN,3772,277,0,0000,0000,3770998048
1,ヴァンプ,ガロウ,LOSE,3347,0,185,0011,0000,600629155
1,ヴァンプ,ツララ,WIN,3992,1668,0,0000,0000,3583116636
1,ルリ,ブレイズ,LOSE,4144,0,564,0000,0000,3467036032
1,ルリ,ボルト,LOSE,3704,0,1455,0000,0000,92568292
1,ルリ,タイタン,LOSE,5006,0,117,0000,0001,3765863013
1,ルリ,ジョーカー,WIN,5337,1769,0,0000,1011,734348292
1,ルリ,ゲイル,WIN,4417,540,0,0000,1100,921354916
1,ルリ,ヴァンプ,LOSE,3717,0,1172,0000,0000,1901180650
1,ルリ,カグラ,WIN,3900,979,0,0000,0100,1460151772
1,ルリ,イヴ,LOSE,3926,0,837,0100,0010,2133677900
1,ルリ,ガロウ,LOSE,2875,0,476,0010,0000,3191729562
1,ルリ,ツララ,WIN,3609,1064,0,0000,0000,678136787
1,カグラ,ブレイズ,LOSE,5849,0,475,0000,1100,1548610661
1,カグラ,ボルト,LOSE,3883,0,1006,0000,0000,3981904808
1,カグラ,タイタン,LOSE,3091,0,4,0000,0000,1576560213
1,カグラ,ジョーカー,LOSE,5702,0,1530,1100,0100,2268564997
1,カグラ,ゲイル,LOSE,4534,0,1169,0000,0000,288151427
1,カグラ,ヴァンプ,LOSE,3835,0,968,0000,0000,3236392793
1,カグラ,ルリ,LOSE,3746,0,610,0010,0000,2709558631
1,カグラ,イヴ,WIN,6254,1496,0,0110,1100,1499167793
1,カグラ,ガロウ,LOSE,2482,0,1200,0000,0000,4195238203
1,カグラ,ツララ,WIN,5982,610,0,0000,0000,3710446991
1,イヴ,ブレイズ,LOSE,4389,0,599,0100,0100,957854512
1,イヴ,ボルト,LOSE,3365,0,1978,0000,0000,49652571
1,イヴ,タイタン,LOSE,2858,0,1467,0000,0000,3917122762
1,イヴ,ジョーカー,LOSE,3228,0,1208,0000,0000,1271739455
1,イヴ,ゲイル,WIN,7234,547,0,0000,1101,4266484779
1,イヴ,ヴァンプ,LOSE,6592,0,1190,0100,0100,525910983
1,イヴ,ルリ,WIN,6114,1235,0,0010,1100,780312103
1,イヴ,カグラ,WIN,4196,189,0,0000,1000,3466491775
1,イヴ,ガロウ,LOSE,3321,0,636,0000,0000,1759207747
1,イヴ,ツララ,LOSE,5007,0,1706,0000,0000,4120598459
1,ガロウ,ブレイズ,WIN,3701,1059,0,0000,1000,4138287776
1,ガロウ,ボルト,LOSE,2922,0,632,0000,0000,1406598726
1,ガロウ,タイタン,LOSE,2660,0,90,0000,0000,2869694776
1,ガロウ,ジョーカー,WIN,4135,1700,0,0000,1111,3016896729
1,ガロウ,ゲイル,WIN,5889,631,0,0000,1111,2342393186
1,ガロウ,ヴァンプ,WIN,3075,1076,0,0000,0001,3035107216
1,ガロウ,ルリ,WIN,4805,168,0,1100,0110,1070005757
1,ガロウ,カグラ,LOSE,4660,0,897,0101,0000,2396101157
1,ガロウ,イヴ,WIN,3139,958,0,0000,1100,597191725
1,ガロウ,ツララ,WIN,3303,509,0,0000,0000,1135169999
1,ツララ,ブレイズ,WIN,3596,1802,0,0000,0000,2495965062
1,ツララ,ボルト,LOSE,3317,0,1878,0000,0000,4032139427
1,ツララ,タイタン,LOSE,3022,0,1400,0000,0000,344995995
1,ツララ,ジョーカー,WIN,5378,1223,0,0000,0000,2446213705
1,ツララ,ゲイル,WIN,4763,222,0,0000,0000,1337271908
1,ツララ,ヴァンプ,WIN,5620,748,0,0000,0001,3207917186
1,ツララ,ルリ,WIN,4989,185,0,0100,0000,1401822210
1,ツララ,カグラ,LOSE,6016,0,568,0101,0000,481196398
1,ツララ,イヴ,LOSE,6127,0,361,1100,0010,3202165219
1,ツララ,ガロウ,WIN,3674,19,0,0000,0000,1727843181
4,ブレイズ,ボルト,WIN,6098,508,0,0000,0100,137410946
4,ブレイズ,タイタン,LOSE,2246,0,1699,0000,0000,654420730
4,ブレイズ,ジョーカー,LOSE,5307,0,952,1100,0000,2409957598
4,ブレイズ,ゲイル,LOSE,7933,0,910,0000,1000,2513168246
4,ブレイズ,ヴァンプ,LOSE,4462,0,368,0000,0000,3117848474
4,ブレイズ,ルリ,LOSE,3362,0,681,0000,0000,579362830
4,ブレイズ,カグラ,LOSE,3031,0,1055,0000,0000,408283175
4,ブレイズ,イヴ,LOSE,5175,0,1248,0111,0000,2478609690
4,ブレイズ,ガロウ,WIN,2496,910,0,0000,0000,574634358
4,ブレイズ,ツララ,LOSE,3960,0,348,0000,0000,2604623058
4,ボルト,ブレイズ,LOSE,3235,0,1015,0000,0000,3361476373
4,ボルト,タイタン,WIN,3040,222,0,0000,0000,623473080
4,ボルト,ジョーカー,WIN,3611,38,0,0000,0000,4082975515
4,ボルト,ゲイル,LOSE,4023,0,1190,0000,0000,373109672
4,ボルト,ヴァンプ,WIN,3505,1442,0,0000,0000,3471418249
4,ボルト,ルリ,LOSE,2950,0,427,0000,0000,1017221573
4,ボルト,カグラ,LOSE,5054,0,1014,1101,0000,784746838
4,ボルト,イヴ,LOSE,4904,0,2019,1100,0000,1718966526
4,ボルト,ガロウ,WIN,3147,240,0,0001,0000,1631830140
4,ボルト,ツララ,WIN,3981,119,0,0000,0000,3768388216
4,タイタン,ブレイズ,WIN,5090,7,0,0000,0000,1889225960
4,タイタン,ボルト,LOSE,3539,0,775,0000,0000,3086830136
4,タイタン,ジョーカー,WIN,5041,483,0,1000,0010,4207112143
4,タイタン,ゲイル,WIN,3171,854,0,0000,0000,635054956
4,タイタン,ヴァンプ,WIN,3161,208,0,0000,0000,1645256188
4,タイタン,ルリ,WIN,3825,1341,0,0000,0000,2898764667
4,タイタン,カグラ,LOSE,4983,0,239,1111,0000,3187630705
4,タイタン,イヴ,LOSE,3212,0,121,1000,0000,1294391070
4,タイタン,ガロウ,WIN,2210,566,0,1000,0000,3787248879
4,タイタン,ツララ,WIN,4153,674,0,0000,0000,2726324206
4,ジョーカー,ブレイズ,LOSE,3683,0,871,0000,0000,3787945859
4,ジョーカー,ボルト,WIN,5514,1992,0,0000,1100,2620354332
4,ジョーカー,タイタン,WIN,4181,1204,0,0000,1100,3112036498
4,ジョーカー,ゲイル,LOSE,4552,0,1069,0000,0000,3060016904
4,ジョーカー,ヴァンプ,LOSE,3436,0,221,0000,0000,3899226990
4,ジョーカー,ルリ,LOSE,3472,0,576,0100,0000,987441045
4,ジョーカー,カグラ,LOSE,4154,0,2160,1111,0000,508407905
4,ジョーカー,イヴ,LOSE,3378,0,1019,1000,0000,2621372191
4,ジョーカー,ガロウ,LOSE,3704,0,1700,1011,0000,3395698520
4,ジョーカー,ツララ,LOSE,5003,0,306,0000,0000,3674253130
4,ゲイル,ブレイズ,LOSE,7208,0,528,1000,0000,2968758058
4,ゲイル,ボルト,WIN,4275,1202,0,0000,0000,3052450214
4,ゲイル,タイタン,WIN,3842,762,0,0000,0000,2507248382
4,ゲイル,ジョーカー,WIN,3984,439,0,0000,0000,584268032
4,ゲイル,ヴァンプ,WIN,4866,1280,0,0000,0000,3235310073
4,ゲイル,ルリ,LOSE,5254,0,1121,1000,0000,1896933039
4,ゲイル,カグラ,LOSE,5867,0,1320,1101,0000,1428144879
4,ゲイル,イヴ,WIN,6250,1910,0,0001,0000,1201370445
4,ゲイル,ガロウ,LOSE,4894,0,1279,0011,0000,1427460810
4,ゲイル,ツララ,LOSE,6787,0,682,0010,0000,2120503622
4,ヴァンプ,ブレイズ,WIN,6263,645,0,0000,0000,1845580218
4,ヴァンプ,ボルト,WIN,5395,1320,0,0000,1000,2152794307
4,ヴァンプ,タイタン,LOSE,2600,0,792,0000,0000,2326454790
4,ヴァンプ,ジョーカー,LOSE,5119,0,1579,1111,0000,3830037707
4,ヴァンプ,ゲイル,WIN,6829,1250,0,0000,1000,3907689126
4,ヴァンプ,ルリ,WIN,2980,788,0,0000,0000,1140329492
4,ヴァンプ,カグラ,LOSE,3794,0,513,1110,0000,1865447159
4,ヴァンプ,イヴ,WIN,3234,1395,0,0000,0000,2649548990
4,ヴァンプ,ガロウ,LOSE,4812,0,1144,1111,0000,1860668575
4,ヴァンプ,ツララ,WIN,5586,1119,0,0000,0000,1318985521
4,ルリ,ブレイズ,WIN,5077,1451,0,0000,1001,2877688763
4,ルリ,ボルト,WIN,4915,782,0,0000,1111,1509376468
4,ルリ,タイタン,WIN,2434,1021,0,0000,1000,1031324847
4,ルリ,ジョーカー,WIN,5563,93,0,0000,0111,813988765
4,ルリ,ゲイル,WIN,5538,1476,0,0000,1111,2449797268
4,ルリ,ヴァンプ,WIN,3546,746,0,0000,0010,989599409
4,ルリ,カグラ,WIN,2744,1019,0,0000,1010,2306307090
4,ルリ,イヴ,WIN,4067,1089,0,0000,1100,1451460243
4,ルリ,ガロウ,WIN,2741,380,0,0010,0010,4262101261
4,ルリ,ツララ,WIN,5972,291,0,0000,1101,422085071
4,カグラ,ブレイズ,WIN,6028,103,0,0000,1111,1493738134
4,カグラ,ボルト,WIN,4995,1248,0,0000,1100,824845177
4,カグラ,タイタン,LOSE,2200,0,705,0000,0000,3259670536
4,カグラ,ジョーカー,WIN,4484,1378,0,0000,1101,246283433
4,カグラ,ゲイル,LOSE,4269,0,236,0000,0000,423503660
4,カグラ,ヴァンプ,LOSE,3345,0,820,0000,0000,3742847616
4,カグラ,ルリ,WIN,2783,1283,0,0000,1111,2484314661
4,カグラ,イヴ,WIN,4684,2160,0,0000,1111,208463632
4,カグラ,ガロウ,LOSE,3019,0,216,1100,0000,81823514
4,カグラ,ツララ,WIN,4981,1628,0,0000,1101,1650961499
4,イヴ,ブレイズ,WIN,5256,237,0,0000,0100,3590175404
4,イヴ,ボルト,WIN,5409,861,0,0000,1101,2713200734
4,イヴ,タイタン,LOSE,4684,0,244,0100,0011,1223029359
4,イヴ,ジョーカー,WIN,3163,1016,0,0000,0000,208570706
4,イヴ,ゲイル,WIN,4088,150,0,0000,0000,2786908054
4,イヴ,ヴァンプ,WIN,5315,1304,0,0000,1111,2007721891
4,イヴ,ルリ,WIN,3315,238,0,0000,0000,18131923
4,イヴ,カグラ,LOSE,4421,0,1536,1100,0000,1080505681
4,イヴ,ガロウ,LOSE,2846,0,878,1000,0000,3231985152
4,イヴ,ツララ,WIN,3304,24,0,0000,0000,268670583
4,ガロウ,ブレイズ,LOSE,4217,0,816,1000,0100,1103683700
4,ガロウ,ボルト,LOSE,3006,0,502,0000,0000,3195442574
4,ガロウ,タイタン,WIN,2733,273,0,0000,1101,4182723701
4,ガロウ,ジョーカー,WIN,3081,875,0,0000,0000,2249736449
4,ガロウ,ゲイル,LOSE,2840,0,1586,0000,0000,1401747790
4,ガロウ,ヴァンプ,LOSE,3291,0,477,0000,0011,3665741563
4,ガロウ,ルリ,WIN,4199,1330,0,0001,1111,1666374670
4,ガロウ,カグラ,WIN,3833,178,0,0010,1011,2274938372
4,ガロウ,イヴ,LOSE,2900,0,307,0000,0000,990725910
4,ガロウ,ツララ,LOSE,2295,0,836,0000,0000,1672199728
4,ツララ,ブレイズ,WIN,3900,1033,0,0000,0000,1197871272
4,ツララ,ボルト,LOSE,4198,0,780,0000,0000,3566413427
4,ツララ,タイタン,WIN,4866,1071,0,0000,0001,58717094
4,ツララ,ジョーカー,WIN,3176,1259,0,0000,0000,4003318877
4,ツララ,ゲイル,LOSE,4590,0,694,0000,0000,1970556530
4,ツララ,ヴァンプ,LOSE,3346,0,1637,0000,0000,3202993919
4,ツララ,ルリ,LOSE,5604,0,927,1101,0000,3985231993
4,ツララ,カグラ,LOSE,5939,0,448,1111,0000,592784709
4,ツララ,イヴ,WIN,3689,312,0,0000,0000,1184244989
4,ツララ,ガロウ,LOSE,5325,0,837,1111,0000,2662381126
